1	237.00	1
2	264.00	4
3	241.00	0
4	153.00	1
5	229.00	7
6	180.00	9
7	273.00	2
8	207.00	7
9	208.00	6
10	312.00	2
11	327.00	13	14
12	376.00	5	6
13	375.00	12	14
14	338.00	9	12
15	307.00	0
16	299.00	0	5
17	381.00	13
18	414.00	3
19	408.00	0	6
20	312.00	6	7
21	384.00	4	7
22	395.00	1	3
23	384.00	4	10
24	387.00	3	7
25	289.00	0	5
26	333.00	7	12
27	295.00	10	11
28	324.00	2	6
29	314.00	9	14
30	403.00	12	13
31	504.00	5	9
32	467.00	3	8
33	437.00	23	24
34	413.00	11	17
35	425.00	1	4
36	329.00	5	6
37	533.00	8	9
38	450.00	14	18
39	421.00	2	5
40	512.00	14	19
41	469.00	23	24
42	425.00	0	1
43	387.00	4	8
44	428.00	16	21	22
45	435.00	1	3	4
46	510.00	7	13	16
47	440.00	9	15
48	489.00	20	24	25
49	382.00	0	1	2
50	508.00	22	26
51	589.00	5	10	11
52	468.00	16	18	19
53	483.00	14	18	22
54	560.00	11	13	21
55	545.00	3	4	6
56	588.00	0	2	13
57	490.00	30	31	33
58	588.00	27	30	31
59	566.00	26	29	30
60	467.00	0	1	4
61	590.00	31	37	39
62	500.00	32	36	37
63	438.00	1	3	8
64	529.00	2	3	11
65	421.00	11	13	21
66	370.00	9	17	18
67	511.00	5	9
68	456.00	0	6	8
69	481.00	3	4	11
70	440.00	17	19	21
71	611.00	24	25	27	38
72	542.00	41	42	44
73	619.00	0	3	18
74	542.00	27	28	29	31
75	588.00	26	27	36	37
76	478.00	15	16	17	18
77	539.00	2	4	5	8
78	717.00	21	25	26
79	531.00	2	4	10
80	586.00	0	2	3	5
81	525.00	4	6	7	11
82	531.00	39	41	45	46
83	548.00	38	41	44	46
84	531.00	22	31	32	35
85	497.00	8	13	14	15
86	489.00	6	14	18	29
87	564.00	40	41	44	46
88	608.00	35	40	41	43
89	570.00	3	4	6
